2
16
448
19152
1139712
88730880
8648156160
1020899880000
142269553520640
22932961708769280
4205756989769932800
865602864389397657600
197644944698491672166400
49578140456771705146368000
13547773279614781349439897600
4003373576660674734370524672000
1271007247655621749755127726080000
431037114276888088808900134993920000
155325216151677932427690060612894720000
59187719898566503213843977498026311680000
23742936357524761726295755098438500352000000
9984461717663952106100237710973183714918400000
4384123934599554186339837355814483534099251200000
2002557079405437514540054803431100855353239142400000
948190346880886387907922663521864050999217356800000000
463834938921972108461228223324775295896707628793856000000
233678096772108341635193276309649189096902287042805760000000
120883092531532605340019043346344263598455297753691979776000000
64030326789381583795303051704117569582955885407913495232512000000
34635925758778711847936243289297006485237602654678426664828928000000
19085378016365276012975964604380218583339995265163307900228075520000000
10687535933912806709470261206997444885434860275136103145673431449600000000
6068470651330212463310194454335664387635083202399065619373625484247040000000
3486371005351013676526279301740538199123425021233524466765753108125450240000000
2022404876854659698056140737426530378083885129515611288585215755537004625920000000
1182235092835074429843774212858735516986186895123643448085164650393139308134400000000
695103900504140564355674314624484974867922259073463696214216313703989538665267200000000
410295732827056501788951631015525551544148268726743286406192329148490983691570380800000000
242691304304663230010263067749097817115168796253228002482153711152427038654943199232000000000
143596051325659852031590183750750177650134423493070329233733538484158250525693869188710400000000
84838149821414501540539763238637265697892972814712762182546547464797215318346722447458304000000000
49961304682587731165079740254431518388529401995951243835377220548758141620572702431065931776000000000
29275478284702554527079136736681382671423446420211591336425027853802307845602680060270042152960000000000
17038531379038654816112682094576162202990804926801896041043937408431323421420409869686708360970240000000000
9831988328993238748080158311308971185158024954561678665375986437760978837847926098441684935950467072000000000
5614922102620417003065168268239193069904745657334621603188303405554937176451846605549197834741182627840000000000
3167645393100603217635569808563787646518852933829208842998669099687685123251336486458453373585797142282240000000000
1761967920339159613464338588266561521181098927106531877164452815778685099336771380228467054025152819091210240000000000
964456453721101081419885796706841174494852985093807063161958822617824571001770057884972020681171673646660321280000000000
518461431621885992696205691032676184703401187861641976432425259193236307510415798938946847038141420937006934917120000000000
273143895720388203987107626011486574746511097468547624507315042196462955774378104277948701972404453024690666995712000000000000
140721255800232531674964519792799647604454932813147069821402096145732763879616084566750313436701559782462852220059648000000000000
70733669598503205854036180454154154368491715870375152658824541964280306144491623117835850770123762193533196075609882624000000000000
34605226294468412597191615618169806760381021733470555473745121425471849141707703930614384684541105452140797553793415774208000000000000
16435919776194844391554179945962953796047253298997389420707192020122887066060293806651815848695245420186808324300447808487424000000000000
7557850957729754498372878546771774619517742174976422170863261792512123203746435432142526329496470208184866631583048517413765120000000000000
3354950426731845857722175721704439207731100340654408948011652984336795029138205577825749486010712610662976246360813482638951055360000000000000
1433152455981237596189390208494912759944640834757044677266513876928688763744348657201979754117777219533219207406657494510351511715840000000000000
587138955527893649595763992643811652115565992327710867214959106707315335301774520428466308473428564661885342040191529895192412773416960000000000000
229840491443450132699897589292244149314396641623826973307053020647163352932397348896771414851007380582441378203748350753930184566673244160000000000000
85623824144375119917298630114137981406145024804340856139486366028873949066138631937427738625047824414718703580112519925718385012366953676800000000000000
30221473104659199085725628373284404042206485437974216816098105361276615072471877172464783233854573897141190424574424037709130537756153767526400000000000000
10056676187050037758923370577052744281762931218515565075022147424991675593750993123306848932367207213067513023827973236797076434467718127891251200000000000000
3137850023436261786168481541533024098972667634827667730787510716756055856462539452538084714062671199454383142502113820174515860143933581433398886400000000000000
912384339992698499074350510214604066720577695723875346279393754125412319470918472300952455995432840180771180480464102678826592869640209882228876902400000000000000
245508729627990561147257879997821512217333992964847568191441745639041032549060683597676629577142568293148478315210307529345372487794911476797591781376000000000000000
60651557135727400316080605116338693102906737709698371682806863522675537311969493379632606574154831704566725717507313164169395355801221467709356176834560000000000000000
13630363191261802175353599597587888201398056647299741463832241816464062805445459103069220163888866843242510460311779910463364927504320986668285147087896576000000000000000
2756701582802046477633011218411351528473419311592785974633574732832517561912969218768349885077999435085698724669391167617681496123623921109944747186498568192000000000000000
495387249422660965018030911500259828183590545801045752266775174733166460331390346509286448366483114130850652458196684972946520103584929740983680433021962420224000000000000000
77890687682400718693596780466103148493008987947194253254848500203786294388295554399201281264795257012246131653815102564463285651659710214387716073408994801090560000000000000000
10514212548277835053036202174346623610471717698925788899678746978080731411490473641403484691488672641338294468693801581557035482896597696601678320279412319442698240000000000000000
1189571336653492517587057648330289274136842118765172619854699640717481960211063338581588134040776047203194114456302474776099750868166801931766556796895256925909811200000000000000000
109291538249787299638700858581162782388786590244679881319722525253140784593052470587473048314943461611135513837631308660477470489108386129689885055490615071024537927680000000000000000
7801111212899776968413784925481339280522149467771639294867138311791816809322604373160554882785849116896606049623072539369356165942062925149041462889848217097267199344640000000000000000
404278719928097400244675324991504077117888504669064774112024677596886489876224731069162623260787176338127219407192901719962681863010591870045922626406780930762184065024000000000000000000
13482215351634835836586554651020397999449745461885668931233679814915152115404378890008720008396448248688332084152476234691994582759746685396983587163512646955633045667840000000000000000000
216469843166323478458272876203812418081746913659126801036890033952284178176329401810687941226420468595591723880419215432465864692041125087942943466434508822249383701512192000000000000000000
