2
14
336
12012
584640
36498000
2799659520
255300948000
26965751500800
3231254175932160
431905843440691200
63497701805027212800
10146274390926406656000
1744159908481563270297600
319661199974672868888576000
61957221886399184866160640000
12604230857452427871522324480000
2672036610569934118237300654080000
586205029436302387529776199761920000
132188397143421510185635453247815680000
30436925589468195752924306183592345600000
7110085319580580210621034402711371776000000
1674559386939636541737269637618380518195200000
395228342278385601084074870731518896819404800000
92932660411520063086123227156051586338678374400000
21646149283488564735622620991450528850122899456000000
4966501289228443111610886374239606909533388013568000000
1116246238156611583347969454671620889142318552055808000000
244382903259165154417305635550520235103484792056840192000000
51818381810982060392175634089460697934940419935975768064000000
10577789309636257475179306204521647338089216493449212067840000000
2065608136812439067585607201713104776518868580010380524257280000000
383252376003408360980518436433505503076833319666085733240668160000000
67064115731321999551659537003767659267555017902531563041796915200000000
10978039289226979220039820331595906127993548401144324389271272161280000000
1665861259424415763696782526628097833041574279219332711801669287936000000000
231926145477146815947111784185824698854649223321312354515413517310361600000000
29272634777778570605084932333642550398790734887393597178739072240399155200000000
3302111830504625769475257290772795017497350766650735109616007838781826662400000000
327143830992735460501887563250792878447917901625071765543626366803185447731200000000
27834254521625245869558578775226285796740717052861539650966254511678151458816000000000
1973538942136790409187407297545626110395244828032565157704978430888202484056064000000000
111686484447865823109531870233672609352286598942603842408600949225302896005873664000000000
4714340745708195269747305390044853936750689865999392326916128035494864582592167936000000000
131261629234282378061108831001975665612350325655329607218014751436111872124285616128000000000
1789616143441804762821078308718270774645798202349736329142779428884814626670038220800000000000
