2
18
576
28656
2016000
188112960
22253736960
3227732746560
559358227169280
113473169170905600
26503207272828518400
7029820832383677081600
2093254082817630695424000
692896873248891243207475200
252822757524908965829097062400
100943340600819585096307183104000
43818669801192193691215640592384000
20563171028467169192379112348901376000
10379273982958820705008516753590190080000
5609293276226084347130372615924001669120000
3232335981713758358217846696702315764121600000
1978561216583915843924956909532854232757043200000
1282020877378881838113793624946841148183412736000000
876501644792084808091895763064482098184968601600000000
630403213712239748916391113819049494255949595226931200000
475634401072271563778517480710314183989763118462926848000000
375469443012902246527858473911512788035349966069427077120000000
309349288060034965493444242373951997418051400586045664788480000000
265391719484991300588904164395636096075315797523608146938953728000000
236558873500773824837679361370724781888216696090542947024070770688000000
218630198675303598113660454486724645475285638073977999949500451389440000000
209101685140297409741524642259803379616358268262664707224897559944232960000000
206579712720996143979956219884475148523407965847101749651643486031367372800000000
210451776063032123449784918993193811545354772815604077624076116997890040135680000000
220722768343587367363766157019093305032250614121864530300090945918597736903475200000000
237961115133626352033314349788932269348347654193072236455633911183648384916389888000000000
263330365280588393576559968839648680903598353402492804273629922165607983118668949094400000000
298701939486350475521397546406675348243754621418197741529003684964655121389942315837030400000000
346860640047833247698296609978387944387520486616824466200185981007064875033661484593420697600000000
411830694618212057282104043253209179092457149958460140034367794123513331854763778218514395955200000000
499370229232555365361255388231486338543999815300244321645087400062079358782335954351687452327936000000000
617710204826960676408482602943741209984533860946680481097098540742166672107469163630668856409718784000000000
778655455543419022232862252396620610475652257658615869420236103177807267924233732284545061105707253760000000000
999228567775641671596867142428056968577093243743852541303640887079054143272488086124980067099831846305792000000000
1304134247234919409664368519879296620685868861031694007275691115158510447268525732696988884230354044469641216000000000
1729471709783812426144384494650727939192750654503803435764761613688764103865419417924214753773180651759825059840000000000
2328355566575709997235137779922730638147712350942675211769444457054478076338734749441871733089831459471682835578880000000000
3179468967716367545645278793356089511078003207933646760276022437109011604136308328464885892083409114283444459546869760000000000
4400141014419231730099565927253864698691525937547524052363953787303835838799170180507030994888983576409426048258251161600000000000
6166431372369917466891060672626843629726265080233223498552267517850374653359273889240637938917664108587857284642782408867840000000000
8744104486871964727812078499650653572842989243098515265740320452323325171275907004703325868452999740940775362134802113232896000000000000
12536577210630228420359313259808609474862120083296137100056587152249182409558949582358763821300499300864943485582173277048012800000000000000
18159389781027882497506385939355030584838633084170244517827806334707871767362935133541429465975813070267823759854375246080658898944000000000000
26556209837467940168234123241462942448890853110777733665708742133124125488270464754582907011781680098749860029369716880172913912709120000000000000
39179978306000723120172303245510756747698337973122180028066275410199758477655435994043770738076235310449474549778979915684041647280095232000000000000
58276340517418618715237101493584588076808651805415873545401623419368278295781598429010027850337221040857421243878466289678831583746053898240000000000000
87327781288008376160130877003148631776981666155948894477203531054899652663818239084565218062993066781379163214896351985437770868607721700065280000000000000
131750261896706284759305722581027162266556371856091043875678572426157414873641266420054660732646608744394562730825119379442045646816526670579630080000000000000
199986389461709377587988710111670550023788505178609153018262434357429374051693953875402855829745100804960288065032510080344308732754698570000960061440000000000000
305220610587732439045764690270771790782722985464272209445098559972864336212779012742925489358405466300521828891955057716645955065069377237945667372974080000000000000
468068441272762280048060823348679197765206065988396241643906609258969834027823549889063753565768385861830116520323173427442195885455541950109036778933452800000000000000
720787263422058052148961631353325694579926952617900802135257081311670074408331522725863825172810730902561036543217303138328708434244930193021351640852070400000000000000000
1113856564611825117162419669069299841493321827783442925043165929953870774030569490669867864746317626819851533707433226210906832195213692112438317388854244409344000000000000000
1726233647450192585740983579215405739949222269599522040871218910830100570267817600904748306123399006991596487721701740720860752650975568923841451984884258222112768000000000000000
2681283995335745231932847224825251706450121307309281237166004862189002611904539713532671402068671673662005867046784103798122234432978328442908503840947357683057845862400000000000000
4171424268002700590006014389480957117363944617795252870190352927968718970664225035584269321327106477218001046786273780645729250228110004995588040024275547210382336589824000000000000000
6496055564785738492185964462590879213510558520916836224065969022326671050135401489339343116518491314874853379568111262733413239392021446291689057838878845065318403873439744000000000000000
10119617611455085541217610911690487710822136283231508226085472231584590708758595662334119160029414280078449797064812233335407260387119623358894220156166091578745488379148763136000000000000000
15759842607182415065177919247984997152855554757174517360850696916060944037636821041721604215895134847420008143551667699269896283522323473691247710683675261042862047542995427786752000000000000000
24520888918618241001976500691035059117976506166628138032573694178510849839331153102906821869488585090059519509180773779633545732822700134658225094923920684998723136448156927159959552000000000000000
38092419792772747719123786942711683016550030431678037811157032621410114395288657456607841615418111878510829201741815376649741082489135087549988909546484597366905965007197248284902031360000000000000000
59044333532236807156487022740312239256686657746931031965581569097350407276659759423036247296202065656713909127089815414383191181250457273764277983891604661054901571547784971803517748510720000000000000000
91258191576785713405834119840887983350879519252462789289448216974462830318833715064430894124423383546956348042923394974060412894428904497387050836461439438581063986455976353847153638653296640000000000000000
140550698216293864069025747771731466091979831408012153228009881222098860852261649750144073366083958002669478714885296749536425834914281400360046149606032768291186900622383453329366595311669084160000000000000000
215561705891501023879141388753472062312763840547057859451642685232332034303209316816565950972970370446809419720609449270179229818746168410119605690141334270512494211534540397149965563621634295726080000000000000000
328998182875656800577093757301424488067978316731007067034908772269625408869427586321989519042851108024737962123520820503879765442647794356062865000289287188463184977376751423161182164818220497764352000000000000000000
499344029142379942173180897042264596351912258123031077039432865504264937120745992751295677004570717655263598024932599022651655666960094299572142812789027551128480708186252120218687888458940345653133312000000000000000000
753159064846437875972089249143074052337284048523404027910503798719194668860823966222243503000152788376897857039251423137111503643270225139510480273960429337235951320180629680193286568672601442695340097536000000000000000000
1128091421263477432574793096821398747540441586962339643341716629333129220021472477030657613122027705327314584890759314405946418205479416360132574453342544984868964348669021704417662894557346084802514128994304000000000000000000
1676704528409821952022795976275165294921551583613280563481882145587117271124056349816180486350730548564441337390276440326155691270117782134457795150679250811937840749073064180066920789940637927670821036505432064000000000000000000
2471157119361957896418243417573289270556209921895171853928523829742967287665076363836160969672660501985894977152741321722884561664540877094778057337973525600201224379039407337644120190944386546575233628931295805440000000000000000000
3608652372341703194099327572244927152020636391614768377449878863716912040865874652883226133169141483507385455896770731116331475324901281674765553620913781701219610412506377509917071126714144239702575580227216301096960000000000000000000
5217368819818114845573345884646134823553086260170303944788507917551294575989532961888340351436178439215943688781412097797188474191131580011848407304518500276549049692561818504509559946552840412701463015030545611195678720000000000000000000
7462282217000947686167442160075912226129576812119761684635827367751160175936728259379082194423045906448327094473293587720681692043191462919638721979353012517083520401841400477001445821760075854655301741152304429463020503040000000000000000000
10549876781698080509190608745262622615596271300488363961846342147845039005086804516307533388529373471136804049462672220990914727523044596466765231945912816390899171878642134880888884324092531579843856053190633450533561187696640000000000000000000
14730242580686579647331459856066667781623617073628860940377251948389349023361566004210837222470245910199697502721286023249655647194278696273532873725099827186103777416572502798266003754088646933092946253000846502771026027557683200000000000000000000
20294519566882210532014210926992257188477531200365675969648176971294136788027877670914652766195745952935854147405932619089930006423603624260323537292603577690959400603923615516573697886330633247125950387374813489124453392238352793600000000000000000000
27565190036951927865494305135448938561378187994066531151819393416480993377646510398596855903686829442389880111536221584590577179629597685855685930458104189957045206346092302685966600370227694757910187744955974009332024871913654950297600000000000000000000
36876518738911645919822266227703055311033346175485272792586050916279419217619481357723230502051296561432208597551380060885665450763210038172114707170745436967823856258640098540832877369226757718334399133588909355075817576564894623334400000000000000000000000
48542734095172082341124048712695212346407333962306133070270785282883979011968785677816422623496924335962616298164582889107592935047992910903315081094369330521759302311531047066298670696791429443100654995167404060917544352716861841974126182400000000000000000000
62812606107330367278801808391808427278663803479402107314214739356717008368423150001348397811157423827988654150230072323906327305827712596401894514794074826593354110082263472110915305766577641678969753302045903626028520411489722987074606333952000000000000000000000
79811139140433494975205484225039760187984035508856269647987719282224808037984709008942969659328389074466541580681182136218401344151940412507796777795195489489195628555994593895721434802931255124493195193161870737260798531475746576151802432978944000000000000000000000
99472245403464000332258843023522318460847001319615730098546129213659214810465287547171992972726875899262841602407997942545586794574039384286852306487050190522423865906673579358693970315692103444858960227342223277429325145508795720111656774685163520000000000000000000000
121470295619292531249050300948051079979793450961757763168705289518150074175525560923199401313751357790736404995141915812422629360400651588913673387560772799768861413072007423366179638825846824447652036555835832841850785840522540106374117480887270506496000000000000000000000
145162738563579344246605864343018392325471922866427237441623223911324394187112321281604244264783027136300682981541111278340937715516234102990213178760138538296809473025906526814070145013065974179153603434627977938919133983892652108948487985760227943251968000000000000000000000
169559446175016990522610313160420467463584331764666351732106603812339176350205325429761034724009898523742096477876394829759666245481381038142948705234823263215728950271456916224150591536731621489397386081701110091800389383924307276880408479974974930760499200000000000000000000000
193335595642398908505456894023332547821157118432371186058336108999516425075528726799017009773867980412387870932392518153323938985041915487186661220187377728395226631894006276763509166085170267987802378511396705838317838061706482497456125149627382764269931069440000000000000000000000
214902187746489782772448497088689097391353747316947064501976038764408171956384599535608454657246893879894076828629931108204523786314754147701572676006540417896851839897584994692133092103518314991511510324252993958448672855258526161437624713648624004108773186600960000000000000000000000
232540628724945625041589300843870895885454570295648613639483681214688244186607910715426378098461696823855349379759496565893744968311157149297538431810387356665690415776590293606740479484934402157187824912064354599255287431516490283872442334898828999509922405070929920000000000000000000000
244595218281375493195671355462875402621214744444358655501774490601629730049690122714390359501023662315730031247285274477846378573395776832196920525495157189166228282132458733386163516251455392787438734037062742957782443957757117493554205182480187978758249626173995745280000000000000000000000
249701663706948230514990087549988337459184381191768160006796719184502220173998947141669740070375104243981569649108716462917266488103792727335303185937801837141856334562669624436586130224991757122323926734365193401111648424300385869324170434292105178672504439852943540224000000000000000000000000
247014549665188314713348162104533371291734473939460372831399897938485099385608142302054688492254537342323630961578241939279721182815345144027916970512629675947319954821590612297711531390623729848156115074074453423992122502947998884637158731287401659354209028707208734441472000000000000000000000000
236387033125318824527166501843477742031337713701355912886484960074503207972253601041902862327432922377784860524128249479889912551488148102384736896063563233821020258369858341114095826370284436823431159520965101345818059688650246786209386194003281824220263500622675656942026752000000000000000000000000
218456806790628404735725196616037785028265680577072523835708063249283218656277045671404342559981546517084377078804874208676116856678050974821693038501544052771866869571844534320940916328616230485212945299341825737660497716636890793998351500116902803140748234440163766169946292224000000000000000000000000
194606380731515764922673998601245958107366103868402185017274293092447217110183355767068532438639648907079643732537893454357404954125254229161278230283899550479621597989562460306739745077640676052450335942208725386836456628043364578121094134550143703951506076522634513771080617820160000000000000000000000000
166791781852994063846709641374645064299066666394126001658115158268740561933136038899260148010036059770639861567520251169182386831990877848241550346812164330169643920500399669842149554542775684723274606450728875233760281203453118580320382245239646276533531881491015387821196093255843840000000000000000000000000
137265917899288843577453683747126661305605642627136603429188546736830251684092247357306460892798589314367411295030741611721386201202751799619715784164680157242325838649485112172815765450466708514262511989769954917350905821756377382870138795934403174004699621834909858392144041245073735680000000000000000000000000
108251540648416309350953306029388456708945671435155534941290271660160473959735454840654431071380538157514086293015526788371036753909358269051930058456035230850453923749116132086113882149599060423125422590754855202459597483220787186159551312296060516912569864416832399783346277186554550026240000000000000000000000000
81633938916100521464128404484135886357515133608103974134427074872771449720198643548644072731322072626309347695618088411531095060490956088451346923465452196560261064970993252165812258591183896734239218425157143773271711304579908823434526902595330183004831521141342679099594482701434182403358720000000000000000000000000
58738801319058494053386522319428681226887621673085043230050833930528309333792906542391092664559607347687733826027950137751297553318080917273262763660279390617271724653671693009024507560724623235857794721905874690600741438544351493871570095451099966138222288973376998567818835995041433375431720960000000000000000000000000
40236598087171902715313794386423477964695917691887681680485332713051883680777579501407897063979259431493315573190124207915015031457264049944393089669271307605440798533699570284341886764852023613329402419231073095184990416761909212865673651003191024100801982458701789975674945825425359538922664755200000000000000000000000000
26179237317891076344031137080927661401446473041217966418242492404313008888914631148236834306137077629547681049337174019473459808293324643255760355797295279269804358421843526094096897438791374505822038429530122502426979052191527228185167071670050664988999473378212413779422394269760631317598257650073600000000000000000000000000
16140068112474978471589401875036952025013308026780125595445350107403429523778563596349380248695242672029850424444704026160002063507388843538551393965769613925656372599881968228897817597821064577225927742397717550352602013038129233345250260407535870340099405264113244701576922322529489833410801553322803200000000000000000000000000
9406253079147059923170901616048346068912432859420604148031517886959081066421846634556516311892363901144231831888523585216957928736613503226700954631814056133308936733153642798656394532537285293444144355602794471810775814517711613842397589094821807520594535435513670810593546858643576511047190378142341529600000000000000000000000000
5169160641342562036138249064883951923905461877623860588183180980366859362700232438129237271374510744127704028799676210930109174339890536149556065739194332260911551412310139807652566200460665054240042268808502132825969080617567520020425915766535168873241212868075256268720113388418877689289495806162292336230400000000000000000000000000
2671927921429386784133383621974507497739814539290172936756272575284906988999600761888128681963486589905522084017402091939521309341728010291127253097252071272017888051198329167452098444674904768511174620828294383507734836501063346378037203926933514136027037753608017232402240765622206772531792456223794223120384000000000000000000000000000
1295748627494666294877609449593273480626852784982233778779634980548044355184297501676668911579723619091573534424771801849363169400838678800001531796750170988951783667242732395105651413229038321549687834771016321900750697553068724879481962483692779817431296137786317487394298063711212562547076814671625529526845440000000000000000000000000000
588001439200483077536408683966510110727218369991709711516354687666773140649178491601629689569920573951327381610402328043767567916860476204575959603553110016030341073691071297720378246090559426064138094848698704491606766164789522884150874824124394857013671016518957980067561739899864563776256619612024521546828611584000000000000000000000000000
249027111649537697473812676078432613484825334246265839539986109705617861823850751696752820346498155912587753836560640474442742856436530498530660135555015447295085382748869312982209946715787892931398163718954101658000027618416098376185277093094565685916405341956348350115925877012388709370509091291356963839774812012544000000000000000000000000000
98163480554990202711045741040721267044559517950976717566758665386388750279312748560380844906478656804274817979199541963229319876576172389404813007097375873978497000882438513034330253734965288508254393412649097552507846921521056070543197132266210654629636002630337872443388229176770854959837041720066700365394032082288640000000000000000000000000000
35915598721309486645754148609583302317408601247933730305221922471909990307021069348841062901069522473790555302282278961681033665439438307402133897732291210955016932444452970976533718525387134195649732836124447098186772262393789116293749492496419793751403688559755720177664538039603650069334822540011492713455775221316321280000000000000000000000000000
12161965006978349083301925256536110631134648562941690302857753723741713637904895335151143950812980809908631968590802090414860812889134662643676019699583490089980395602376250957257784026320086109176699260811584204760957873239359629249379535884123233893664925269552704520040155889178945471540192912796033868533376850766478704640000000000000000000000000000
3800338185652379653305902208762872411634620187730890053209308307170192303485573504303469855343569415698745798917817767725416433715518595972510838981048739225745477643119317157536279689040684860366945360006453595019928669261674198909003042978021311868515159523072642643990053751525487812430197520496716180462620244887510764748800000000000000000000000000000
1092417103489492014147847540769846761542691799257979999220356618049713510183792616828335073133955980403844055284060098487124088627912008320994910584195332251008945669946645525372779171547541377853016481164595003476237730553476076606040032871552442854746862388081852659514951059667397078780516449077443558831621071781149829004001280000000000000000000000000000
287922080862486388249789124039249306809000006829003850909183930898367609753427586704077753236571640235650121892063886523916738336604842856589292049619501499935370878892484887282615415044164584189108047717583368153743145454289891860695626899456568864763717984589648551138492238532455430110637254586834551233983684438865206424276828160000000000000000000000000000
69335463387032605822984226532591259592312886249123711589349445520885212145037258826997268153025110506956897384957372436684177601203709058720641069691713297784080152356318443309056439179057499423578906028972721302298263429016482357796424366352580673754187121570276340463247560795440792456945734510760850797004718387665188893658972160000000000000000000000000000000
15197705305496297073826804913152053230022498977306033690197568776356189085062424608254857368100633468905591201634701392986649714757775380446277535575848638863608949203096621142251954442782656517017819546435947422977788934564946216614869985927874278914338798798305444592525675298141346691000923289961721227231204696628872904006655016960000000000000000000000000000000
3019476581109820234780834332319742603883247210530409276797297771911416689713076957005537191977024149206003361184026494965428217151625066387110360060936076845297806474544359492698617864181647256456616277226491160737611881976924648169816606218849453017016591481290474720839264816730504663998392151824922431027854479420854851473991165542400000000000000000000000000000000
541256640360456867188171836534089110716925925195103750508567349848207138174089575861894080643303387747259622089161270851837849094311260671495401878926288231034190178358157093338011224641083298909779641778422449985539739490699347431789530433254952020489613163579126664240321049158047639039116473658713123681720999839852414837342805562490880000000000000000000000000000000
87080851876764259850625250873001301196974319960024664289941724758635692898746174290790678754331072580595094369772005317046444008665185859311967081993133224180040164394511023451372858052430762487177201637799419916925519619638023086684371908497008123155655689538147731046112307186703721945172769369164685938523413079724853088128429149294428160000000000000000000000000000000
12499458120216344702242655924671323634382808178456253067163996167407452665259697224726599789150803732548337845999465565807659440056698251809112003392644989802074916266715768476945913514992868251325306038794694104784623635355526652633166699235201254270609750086283991022972634535191486215754337662332435251902314518046147280027561458033020108800000000000000000000000000000000
1589591238265716666099126733529381232820441437037784204013866896943272167908333970218792108347422862674987771962559848740260413471303354969973729881970122308371871211285729559456495663464944686080592517606567020394744093426933161356938449443318336451577825209819005604797309627027193174058192205954787562752728849218048312388088116436274878873600000000000000000000000000000000
177634064596385441548329294977804479611236979354496824659450288703501480226892607899163568678371419536965331390289692564622296444791171712519499290278947600121818184921049723111134184699659061273763860219094296408628674050618054399727571616387424143697432184883216383779639736990752876834653242161109022212712907668027408782946032540236148165836800000000000000000000000000000000
17270018069949675111756500247750955668465979743938582400550330157487334633315090836326365489290303077572405406799856211537814379406994615877303271192128570383546853357685074791383355354746371920960339146785635666532271975516552799815168810951964471172177948800984195265122636555666958223564409093076324072224639825938276399634829015839665178437222400000000000000000000000000000000
1442948260586822031932882253597237816166496185385767394820776239297938208522566241312334601006507824993497850243234260726566347918613926247440658606241408853218406097189852694131628932306327941519932977535397840383904558563667378635822892159523332086668805249042230883108768369270490813419278574356851136668178949725668951980667506195928299693355827200000000000000000000000000000000
102008375776883769865348046211635260422651043755531252490272808481738213894103854639557864742021956836786642941467186323406555383819068509442395619068833794981032554427851330377128748630690731179615226351375755167694061556343320346675059669611130868237093385483815157191597369373189041680873749751397021527448524335666915905977832895490971987680952320000000000000000000000000000000000
5978339170525747760190288423203795502728086193031626887335704920251826543287852970375447944666466655951004113832310334795463313064633548198203158958018762979022661742543001631771359528661259192001269664802082425768355645774576566602766245703884608621244438609265712685973425551207759596238182401784760516138114052640993310790003184702381320470769172480000000000000000000000000000000000
282454300984849035969293305463964145513326089626188870991058845925371857567923707784791492779027115079364652523030077768591639720162264907548698996957804305833689948944171748368242528030138443613901808911609897590577921065746108686597418559593167536069707559308803010099033983864222011571722650122926756019630231976636403451886496622745783438367348752384000000000000000000000000000000000
10330381259884085435448045026238920354335327243614599943442383447780442307821179012506557102162582952487545692828793042124870994200942365102398828026052474025227430814961410725771358298190931237863122117650949878043233545355496783062553307557247396221831684187534663287005683668187838119730110726394465379160853970229892218104670435293776166249280707756032000000000000000000000000000000000
274264583675508679557530393887730196500640494699168662458929465769941331208802187452999873737435781236095664108361201296491320955661557970115899599402927572597953684981345100755578031746519087808682197897037570149165345760210920084335585646432594452051412720695163739254028546469660032358009994055029777933321250901428234186136267256633033213876001015070720000000000000000000000000000000000
4699751861253253441154272295265943543962494534229783409788805216570276719614148790009719471427328241529984148180171939711247103322237820168744035324409198628949786755275624903327996314680938555988793231339407754560235676055356657146960196870688185500786356354466641094190104159839800151338265069158866303612307636814755221516479101355525835401772440485888000000000000000000000000000000000000
38995707094557505874626832775279687467003014137278374171076247097708766403789762291555143801569039259347507899964467987873726220792442847523635458249685194307233366131552141470596051197080385960446003431045574828093346855474673157689573353687122881781901540181575054391173229025542566661082418911480644055122288603238796457619452120007127573356399365801902080000000000000000000000000000000000
