2
12
240
6900
261120
12288000
689287680
44518108320
3217806305280
254415244930560
21590273188915200
1934411339133504000
180281340238196736000
17227791874983545856000
1663067216751422017536000
159595977698670852218880000
14964580832529187817717760000
1345662967489601214639144960000
113744812299513142675848560640000
8846263645704469043895022387200000
618668809137047981060851079577600000
37920985718731152777330363098726400000
1976467305520972951458372012264652800000
84270689305135197143576014494262886400000
2789531764170537917062047087993028608000000
66472144766135077450119221298295996416000000
1032157764007879728061356436411546337280000000
9214992981978018504153113984347020460032000000
31931809291225300353558029692496718594048000000
-280183734346837625704438392343365786009600000000
